,A,B,C,D,E,F,G,H,I,J,K,L,M,N,0,P,Q,R,S,T,U,V,W,X,Y,Z
A,1.0,0.8,0.59,0.57,0.78,0.82,0.82,0.82,0.36,0.46,0.51,0.2,0.67,0.67,0.69,0.85,0.69,0.86,0.78,0.36,0.59,0.17,0.67,0.27,0.1,0.44
B,0.8,1.0,0.76,0.73,0.85,0.76,0.88,0.69,0.58,0.65,0.63,0.47,0.55,0.55,0.79,0.87,0.65,0.8,0.85,0.5,0.69,0.32,0.55,0.25,0.28,0.62
C,0.59,0.76,1.0,0.59,0.87,0.69,0.85,0.54,0.55,0.72,0.61,0.42,0.54,0.54,0.72,0.64,0.72,0.67,0.81,0.55,0.77,0.26,0.54,0.37,0.31,0.77
D,0.57,0.73,0.59,1.0,0.65,0.52,0.69,0.44,0.53,0.54,0.42,0.71,0.44,0.44,0.69,0.54,0.54,0.5,0.71,0.45,0.59,0.42,0.44,0.36,0.3,0.67
E,0.78,0.85,0.87,0.65,1.0,0.87,0.97,0.74,0.57,0.7,0.61,0.46,0.61,0.61,0.7,0.77,0.7,0.78,0.94,0.57,0.74,0.38,0.61,0.4,0.37,0.74
F,0.82,0.76,0.69,0.52,0.87,1.0,0.85,0.77,0.37,0.64,0.61,0.21,0.62,0.62,0.56,0.88,0.56,0.82,0.81,0.55,0.54,0.35,0.62,0.37,0.31,0.54
G,0.82,0.88,0.85,0.69,0.97,0.85,1.0,0.78,0.55,0.68,0.6,0.45,0.65,0.65,0.75,0.75,0.68,0.76,0.97,0.55,0.78,0.37,0.65,0.39,0.36,0.72
H,0.82,0.69,0.54,0.44,0.74,0.77,0.78,1.0,0.09,0.4,0.53,0.1,0.85,0.85,0.48,0.72,0.48,0.74,0.74,0.28,0.77,0.35,0.85,0.46,0.31,0.38
I,0.36,0.58,0.55,0.53,0.57,0.37,0.55,0.09,1.0,0.77,0.42,0.5,0.09,0.09,0.58,0.38,0.48,0.36,0.57,0.78,0.28,0.21,0.09,0.11,0.38,0.65
J,0.46,0.65,0.72,0.54,0.7,0.64,0.68,0.4,0.77,1.0,0.55,0.33,0.4,0.4,0.5,0.58,0.5,0.54,0.63,0.87,0.48,0.37,0.4,0.38,0.55,0.72
K,0.51,0.63,0.61,0.42,0.61,0.61,0.6,0.53,0.42,0.55,1.0,0.24,0.44,0.44,0.46,0.64,0.37,0.59,0.54,0.42,0.53,0.3,0.44,0.21,0.24,0.35
L,0.2,0.47,0.42,0.71,0.46,0.21,0.45,0.1,0.5,0.33,0.24,1.0,0.1,0.1,0.44,0.22,0.33,0.2,0.46,0.25,0.31,0.48,0.1,0.25,0.29,0.52
M,0.67,0.55,0.54,0.44,0.61,0.62,0.65,0.85,0.09,0.4,0.44,0.1,1.0,0.92,0.48,0.56,0.48,0.59,0.61,0.28,0.77,0.35,0.85,0.65,0.52,0.46
N,0.67,0.55,0.54,0.44,0.61,0.62,0.65,0.85,0.09,0.4,0.44,0.1,0.92,1.0,0.48,0.56,0.56,0.67,0.61,0.28,0.77,0.35,0.92,0.65,0.42,0.38
0,0.69,0.79,0.72,0.69,0.7,0.56,0.75,0.48,0.58,0.5,0.46,0.44,0.48,0.48,1.0,0.58,0.83,0.54,0.7,0.38,0.72,0.09,0.48,0.0,0.11,0.48
P,0.85,0.87,0.64,0.54,0.77,0.88,0.75,0.72,0.38,0.58,0.64,0.22,0.56,0.56,0.58,1.0,0.58,0.93,0.7,0.48,0.48,0.27,0.56,0.29,0.22,0.48
Q,0.69,0.65,0.72,0.54,0.7,0.56,0.68,0.48,0.48,0.5,0.37,0.33,0.48,0.56,0.83,0.58,1.0,0.69,0.63,0.38,0.64,0.18,0.56,0.19,0.11,0.48
R,0.86,0.8,0.67,0.5,0.78,0.82,0.76,0.74,0.36,0.54,0.59,0.2,0.59,0.67,0.54,0.93,0.69,1.0,0.71,0.45,0.52,0.34,0.67,0.45,0.2,0.52
S,0.78,0.85,0.81,0.71,0.94,0.81,0.97,0.74,0.57,0.63,0.54,0.46,0.61,0.61,0.7,0.7,0.63,0.71,1.0,0.57,0.74,0.38,0.61,0.4,0.37,0.74
T,0.36,0.5,0.55,0.45,0.57,0.55,0.55,0.28,0.78,0.87,0.42,0.25,0.28,0.28,0.38,0.48,0.38,0.45,0.57,1.0,0.28,0.42,0.28,0.33,0.63,0.65
U,0.59,0.69,0.77,0.59,0.74,0.54,0.78,0.77,0.28,0.48,0.53,0.31,0.77,0.77,0.72,0.48,0.64,0.52,0.74,0.28,1.0,0.26,0.77,0.37,0.31,0.54
V,0.17,0.32,0.26,0.42,0.38,0.35,0.37,0.35,0.21,0.37,0.3,0.48,0.35,0.35,0.09,0.27,0.18,0.34,0.38,0.42,0.26,1.0,0.35,0.63,0.72,0.44
W,0.67,0.55,0.54,0.44,0.61,0.62,0.65,0.85,0.09,0.4,0.44,0.1,0.85,0.92,0.48,0.56,0.56,0.67,0.61,0.28,0.77,0.35,1.0,0.65,0.31,0.46
X,0.27,0.25,0.37,0.36,0.4,0.37,0.39,0.46,0.11,0.38,0.21,0.25,0.65,0.65,0.0,0.29,0.19,0.45,0.4,0.33,0.37,0.63,0.65,1.0,0.63,0.65
Y,0.1,0.28,0.31,0.3,0.37,0.31,0.36,0.31,0.38,0.55,0.24,0.29,0.52,0.42,0.11,0.22,0.11,0.2,0.37,0.63,0.31,0.72,0.31,0.63,1.0,0.52
Z,0.44,0.62,0.77,0.67,0.74,0.54,0.72,0.38,0.65,0.72,0.35,0.52,0.46,0.38,0.48,0.48,0.48,0.52,0.74,0.65,0.54,0.44,0.46,0.65,0.52,1.0
